6,5000,2000,2555,2025-08-08
2,5000,5000,5000,2025-07-01
2,5000,5000,5000,2025-07-01
2,5000,5000,5000,2025-07-01
2,5000,5000,5000,2025-07-01
2,5000,5000,5000,2025-05-05
2,5000,5000,5000,2025-05-05
2,5000,5000,5000,2025-05-05
2,5000,5000,5000,2025-05-05
2,51,25,414,2025-04-04
2,51,25,414,2025-04-04
2,51,25,414,2025-04-04
2,51,25,414,2025-04-04
2,2000,5000000,50000000,2025-03-03
3,5000,1000,2000,2025-02-05
3,5000,1000,2000,2025-02-05
3,5000,1000,2000,2025-02-05
3,5000,1000,2000,2025-02-05
5,5000,5000,5000,2025-02-03
5,5000,5000,5000,2025-02-03
5,5000,5000,5000,2025-02-03
5,5000,5000,5000,2025-02-03
2,5000,5000,5000,2025-02-02
2,5000,5000,5000,2025-02-02
2,5000,5000,5000,2025-02-02
2,5000,5000,5000,2025-02-02
4,5000,5000,200,2025-01-15
4,5000,5000,200,2025-01-15
4,5000,5000,200,2025-01-15
4,5000,5000,200,2025-01-15
2,5000,2000,1000,2025-01-05
2,5000,2000,1000,2025-01-05
2,5000,2000,1000,2025-01-05
2,5000,2000,1000,2025-01-05
2,5000,5000,5000,2025-01-04
2,5000,5000,5000,2025-01-04
2,5000,5000,5000,2025-01-04
2,5000,5000,5000,2025-01-04
1,50000,3000000,15500000,2025-01-01
1,50000,3000000,15500000,2025-01-01
1,50000,3000000,15500000,2025-01-01
1,50000,3000000,15500000,2025-01-01
